{
 "cells": [
  {
   "cell_type": "code",
   "execution_count": 1,
   "metadata": {},
   "outputs": [],
   "source": [
    "import pandas as pd\n",
    "import numpy as np\n",
    "import re\n",
    "import matplotlib.pyplot as plt\n",
    "\n",
    "import functions as fn"
   ]
  },
  {
   "cell_type": "code",
   "execution_count": 2,
   "metadata": {},
   "outputs": [],
   "source": [
    "# Read in the list of teams\n",
    "teams = pd.read_csv('DataFiles/Teams.csv')\n",
    "seasons_data = pd.read_csv('DataFiles/RegularSeasonDetailedResults.csv')\n",
    "file_list = {}\n",
    "years = ['18','17','16','15','14','13','12','11','10','09','08','07','06','05','04','03','02','01','00']\n",
    "\n",
    "# Read in the data files from sports-reference.com\n",
    "for s in years:\n",
    "    filepath = ('WebData/ratings_' + s + '.csv')\n",
    "    raw_data = pd.read_csv(filepath).drop(['Unnamed: 3', 'Unnamed: 9', 'Unnamed: 11'], axis=1)\n",
    "    # We need only the school name and the rank\n",
    "    raw_data = raw_data[['Rk', 'School']].dropna()\n",
    "    raw_data = raw_data[(raw_data['Rk']).str.isnumeric()]\n",
    "    file_list[s] = raw_data"
   ]
  },
  {
   "cell_type": "code",
   "execution_count": 3,
   "metadata": {},
   "outputs": [],
   "source": [
    "# Extract the dataframes from the list\n",
    "df_18 = file_list['18']\n",
    "df_17 = file_list['17']\n",
    "df_16 = file_list['16']\n",
    "df_15 = file_list['15']\n",
    "df_14 = file_list['14']\n",
    "df_13 = file_list['13']\n",
    "df_12 = file_list['12']\n",
    "df_11 = file_list['11']\n",
    "df_10 = file_list['10']\n",
    "df_09 = file_list['09']\n",
    "df_08 = file_list['08']\n",
    "df_07 = file_list['07']\n",
    "df_06 = file_list['06']\n",
    "df_05 = file_list['05']\n",
    "df_04 = file_list['04']\n",
    "df_03 = file_list['03']\n",
    "df_02 = file_list['02']\n",
    "df_01 = file_list['01']\n",
    "df_00 = file_list['00']\n",
    "# Rename the columns\n",
    "df_18.columns = ['2018', 'School']\n",
    "df_17.columns = ['2017', 'School']\n",
    "df_16.columns = ['2016', 'School']\n",
    "df_15.columns = ['2015', 'School']\n",
    "df_14.columns = ['2014', 'School']\n",
    "df_13.columns = ['2013', 'School']\n",
    "df_12.columns = ['2012', 'School']\n",
    "df_11.columns = ['2011', 'School']\n",
    "df_10.columns = ['2010', 'School']\n",
    "df_09.columns = ['2009', 'School']\n",
    "df_08.columns = ['2008', 'School']\n",
    "df_07.columns = ['2007', 'School']\n",
    "df_06.columns = ['2006', 'School']\n",
    "df_05.columns = ['2005', 'School']\n",
    "df_04.columns = ['2004', 'School']\n",
    "df_03.columns = ['2003', 'School']\n",
    "df_02.columns = ['2002', 'School']\n",
    "df_01.columns = ['2001', 'School']\n",
    "df_00.columns = ['2000', 'School']"
   ]
  },
  {
   "cell_type": "code",
   "execution_count": 4,
   "metadata": {},
   "outputs": [],
   "source": [
    "# Merge the dataframes so that we can look at the correlation\n",
    "from functools import reduce\n",
    "data_frames = [df_18, df_17, df_16, df_15, df_14, df_13, df_12, df_11, df_10, df_09, df_08, \n",
    "               df_07, df_06, df_05, df_04, df_03, df_02, df_01, df_00]\n",
    "\n",
    "team_ranks_df = reduce(lambda left, right: pd.merge(left, right, on=['School'], how='outer'), data_frames)\n",
    "\n",
    "team_ranks_df = team_ranks_df.dropna().reset_index()"
   ]
  },
  {
   "cell_type": "code",
   "execution_count": 5,
   "metadata": {},
   "outputs": [],
   "source": [
    "# Convert the rankings to integers\n",
    "for col in team_ranks_df.columns:\n",
    "    if str(col) != 'School':\n",
    "        team_ranks_df[col] = team_ranks_df[col].astype(int)"
   ]
  },
  {
   "cell_type": "code",
   "execution_count": 6,
   "metadata": {},
   "outputs": [
    {
     "data": {
      "text/html": [
       "<div>\n",
       "<style scoped>\n",
       "    .dataframe tbody tr th:only-of-type {\n",
       "        vertical-align: middle;\n",
       "    }\n",
       "\n",
       "    .dataframe tbody tr th {\n",
       "        vertical-align: top;\n",
       "    }\n",
       "\n",
       "    .dataframe thead th {\n",
       "        text-align: right;\n",
       "    }\n",
       "</style>\n",
       "<table border=\"1\" class=\"dataframe\">\n",
       "  <thead>\n",
       "    <tr style=\"text-align: right;\">\n",
       "      <th></th>\n",
       "      <th>index</th>\n",
       "      <th>2018</th>\n",
       "      <th>2017</th>\n",
       "      <th>2016</th>\n",
       "      <th>2015</th>\n",
       "      <th>2014</th>\n",
       "      <th>2013</th>\n",
       "      <th>2012</th>\n",
       "      <th>2011</th>\n",
       "      <th>2010</th>\n",
       "      <th>2009</th>\n",
       "      <th>2008</th>\n",
       "      <th>2007</th>\n",
       "      <th>2006</th>\n",
       "      <th>2005</th>\n",
       "      <th>2004</th>\n",
       "      <th>2003</th>\n",
       "      <th>2002</th>\n",
       "      <th>2001</th>\n",
       "      <th>2000</th>\n",
       "    </tr>\n",
       "  </thead>\n",
       "  <tbody>\n",
       "    <tr>\n",
       "      <th>index</th>\n",
       "      <td>1.000000</td>\n",
       "      <td>1.000000</td>\n",
       "      <td>0.853775</td>\n",
       "      <td>0.800106</td>\n",
       "      <td>0.776116</td>\n",
       "      <td>0.765266</td>\n",
       "      <td>0.717467</td>\n",
       "      <td>0.727487</td>\n",
       "      <td>0.728042</td>\n",
       "      <td>0.751906</td>\n",
       "      <td>0.724500</td>\n",
       "      <td>0.727779</td>\n",
       "      <td>0.736601</td>\n",
       "      <td>0.737438</td>\n",
       "      <td>0.708929</td>\n",
       "      <td>0.712824</td>\n",
       "      <td>0.736065</td>\n",
       "      <td>0.695705</td>\n",
       "      <td>0.652188</td>\n",
       "      <td>0.671007</td>\n",
       "    </tr>\n",
       "    <tr>\n",
       "      <th>2018</th>\n",
       "      <td>1.000000</td>\n",
       "      <td>1.000000</td>\n",
       "      <td>0.853775</td>\n",
       "      <td>0.800106</td>\n",
       "      <td>0.776116</td>\n",
       "      <td>0.765266</td>\n",
       "      <td>0.717467</td>\n",
       "      <td>0.727487</td>\n",
       "      <td>0.728042</td>\n",
       "      <td>0.751906</td>\n",
       "      <td>0.724500</td>\n",
       "      <td>0.727779</td>\n",
       "      <td>0.736601</td>\n",
       "      <td>0.737438</td>\n",
       "      <td>0.708929</td>\n",
       "      <td>0.712824</td>\n",
       "      <td>0.736065</td>\n",
       "      <td>0.695705</td>\n",
       "      <td>0.652188</td>\n",
       "      <td>0.671007</td>\n",
       "    </tr>\n",
       "    <tr>\n",
       "      <th>2017</th>\n",
       "      <td>0.853775</td>\n",
       "      <td>0.853775</td>\n",
       "      <td>1.000000</td>\n",
       "      <td>0.863033</td>\n",
       "      <td>0.795524</td>\n",
       "      <td>0.772686</td>\n",
       "      <td>0.741753</td>\n",
       "      <td>0.724426</td>\n",
       "      <td>0.752835</td>\n",
       "      <td>0.746708</td>\n",
       "      <td>0.698141</td>\n",
       "      <td>0.704452</td>\n",
       "      <td>0.732693</td>\n",
       "      <td>0.740122</td>\n",
       "      <td>0.726953</td>\n",
       "      <td>0.726111</td>\n",
       "      <td>0.734160</td>\n",
       "      <td>0.688553</td>\n",
       "      <td>0.667658</td>\n",
       "      <td>0.649043</td>\n",
       "    </tr>\n",
       "    <tr>\n",
       "      <th>2016</th>\n",
       "      <td>0.800106</td>\n",
       "      <td>0.800106</td>\n",
       "      <td>0.863033</td>\n",
       "      <td>1.000000</td>\n",
       "      <td>0.849893</td>\n",
       "      <td>0.812400</td>\n",
       "      <td>0.745885</td>\n",
       "      <td>0.732973</td>\n",
       "      <td>0.749500</td>\n",
       "      <td>0.749997</td>\n",
       "      <td>0.702338</td>\n",
       "      <td>0.695842</td>\n",
       "      <td>0.722092</td>\n",
       "      <td>0.715173</td>\n",
       "      <td>0.705352</td>\n",
       "      <td>0.718662</td>\n",
       "      <td>0.739638</td>\n",
       "      <td>0.709275</td>\n",
       "      <td>0.677314</td>\n",
       "      <td>0.663409</td>\n",
       "    </tr>\n",
       "    <tr>\n",
       "      <th>2015</th>\n",
       "      <td>0.776116</td>\n",
       "      <td>0.776116</td>\n",
       "      <td>0.795524</td>\n",
       "      <td>0.849893</td>\n",
       "      <td>1.000000</td>\n",
       "      <td>0.859217</td>\n",
       "      <td>0.769311</td>\n",
       "      <td>0.722072</td>\n",
       "      <td>0.740969</td>\n",
       "      <td>0.749037</td>\n",
       "      <td>0.706894</td>\n",
       "      <td>0.676928</td>\n",
       "      <td>0.704059</td>\n",
       "      <td>0.721554</td>\n",
       "      <td>0.717427</td>\n",
       "      <td>0.701016</td>\n",
       "      <td>0.732806</td>\n",
       "      <td>0.691640</td>\n",
       "      <td>0.680328</td>\n",
       "      <td>0.678004</td>\n",
       "    </tr>\n",
       "    <tr>\n",
       "      <th>2014</th>\n",
       "      <td>0.765266</td>\n",
       "      <td>0.765266</td>\n",
       "      <td>0.772686</td>\n",
       "      <td>0.812400</td>\n",
       "      <td>0.859217</td>\n",
       "      <td>1.000000</td>\n",
       "      <td>0.872070</td>\n",
       "      <td>0.797368</td>\n",
       "      <td>0.780917</td>\n",
       "      <td>0.779359</td>\n",
       "      <td>0.756674</td>\n",
       "      <td>0.710668</td>\n",
       "      <td>0.738638</td>\n",
       "      <td>0.754417</td>\n",
       "      <td>0.742758</td>\n",
       "      <td>0.745581</td>\n",
       "      <td>0.769304</td>\n",
       "      <td>0.719981</td>\n",
       "      <td>0.719876</td>\n",
       "      <td>0.697143</td>\n",
       "    </tr>\n",
       "    <tr>\n",
       "      <th>2013</th>\n",
       "      <td>0.717467</td>\n",
       "      <td>0.717467</td>\n",
       "      <td>0.741753</td>\n",
       "      <td>0.745885</td>\n",
       "      <td>0.769311</td>\n",
       "      <td>0.872070</td>\n",
       "      <td>1.000000</td>\n",
       "      <td>0.836685</td>\n",
       "      <td>0.775221</td>\n",
       "      <td>0.755315</td>\n",
       "      <td>0.732308</td>\n",
       "      <td>0.708333</td>\n",
       "      <td>0.716791</td>\n",
       "      <td>0.716586</td>\n",
       "      <td>0.701213</td>\n",
       "      <td>0.688042</td>\n",
       "      <td>0.711870</td>\n",
       "      <td>0.654986</td>\n",
       "      <td>0.655685</td>\n",
       "      <td>0.643252</td>\n",
       "    </tr>\n",
       "    <tr>\n",
       "      <th>2012</th>\n",
       "      <td>0.727487</td>\n",
       "      <td>0.727487</td>\n",
       "      <td>0.724426</td>\n",
       "      <td>0.732973</td>\n",
       "      <td>0.722072</td>\n",
       "      <td>0.797368</td>\n",
       "      <td>0.836685</td>\n",
       "      <td>1.000000</td>\n",
       "      <td>0.838347</td>\n",
       "      <td>0.774547</td>\n",
       "      <td>0.744379</td>\n",
       "      <td>0.711079</td>\n",
       "      <td>0.714381</td>\n",
       "      <td>0.717463</td>\n",
       "      <td>0.696717</td>\n",
       "      <td>0.705452</td>\n",
       "      <td>0.720682</td>\n",
       "      <td>0.683238</td>\n",
       "      <td>0.654667</td>\n",
       "      <td>0.652019</td>\n",
       "    </tr>\n",
       "    <tr>\n",
       "      <th>2011</th>\n",
       "      <td>0.728042</td>\n",
       "      <td>0.728042</td>\n",
       "      <td>0.752835</td>\n",
       "      <td>0.749500</td>\n",
       "      <td>0.740969</td>\n",
       "      <td>0.780917</td>\n",
       "      <td>0.775221</td>\n",
       "      <td>0.838347</td>\n",
       "      <td>1.000000</td>\n",
       "      <td>0.866801</td>\n",
       "      <td>0.805962</td>\n",
       "      <td>0.746923</td>\n",
       "      <td>0.763414</td>\n",
       "      <td>0.723135</td>\n",
       "      <td>0.717803</td>\n",
       "      <td>0.741336</td>\n",
       "      <td>0.730977</td>\n",
       "      <td>0.696127</td>\n",
       "      <td>0.684109</td>\n",
       "      <td>0.666555</td>\n",
       "    </tr>\n",
       "    <tr>\n",
       "      <th>2010</th>\n",
       "      <td>0.751906</td>\n",
       "      <td>0.751906</td>\n",
       "      <td>0.746708</td>\n",
       "      <td>0.749997</td>\n",
       "      <td>0.749037</td>\n",
       "      <td>0.779359</td>\n",
       "      <td>0.755315</td>\n",
       "      <td>0.774547</td>\n",
       "      <td>0.866801</td>\n",
       "      <td>1.000000</td>\n",
       "      <td>0.870194</td>\n",
       "      <td>0.785203</td>\n",
       "      <td>0.760530</td>\n",
       "      <td>0.746352</td>\n",
       "      <td>0.748245</td>\n",
       "      <td>0.757496</td>\n",
       "      <td>0.758366</td>\n",
       "      <td>0.707418</td>\n",
       "      <td>0.702970</td>\n",
       "      <td>0.690038</td>\n",
       "    </tr>\n",
       "    <tr>\n",
       "      <th>2009</th>\n",
       "      <td>0.724500</td>\n",
       "      <td>0.724500</td>\n",
       "      <td>0.698141</td>\n",
       "      <td>0.702338</td>\n",
       "      <td>0.706894</td>\n",
       "      <td>0.756674</td>\n",
       "      <td>0.732308</td>\n",
       "      <td>0.744379</td>\n",
       "      <td>0.805962</td>\n",
       "      <td>0.870194</td>\n",
       "      <td>1.000000</td>\n",
       "      <td>0.845187</td>\n",
       "      <td>0.784516</td>\n",
       "      <td>0.734857</td>\n",
       "      <td>0.740135</td>\n",
       "      <td>0.750743</td>\n",
       "      <td>0.746506</td>\n",
       "      <td>0.716418</td>\n",
       "      <td>0.710437</td>\n",
       "      <td>0.679443</td>\n",
       "    </tr>\n",
       "    <tr>\n",
       "      <th>2008</th>\n",
       "      <td>0.727779</td>\n",
       "      <td>0.727779</td>\n",
       "      <td>0.704452</td>\n",
       "      <td>0.695842</td>\n",
       "      <td>0.676928</td>\n",
       "      <td>0.710668</td>\n",
       "      <td>0.708333</td>\n",
       "      <td>0.711079</td>\n",
       "      <td>0.746923</td>\n",
       "      <td>0.785203</td>\n",
       "      <td>0.845187</td>\n",
       "      <td>1.000000</td>\n",
       "      <td>0.853915</td>\n",
       "      <td>0.769741</td>\n",
       "      <td>0.759304</td>\n",
       "      <td>0.732870</td>\n",
       "      <td>0.744382</td>\n",
       "      <td>0.731063</td>\n",
       "      <td>0.705867</td>\n",
       "      <td>0.687184</td>\n",
       "    </tr>\n",
       "    <tr>\n",
       "      <th>2007</th>\n",
       "      <td>0.736601</td>\n",
       "      <td>0.736601</td>\n",
       "      <td>0.732693</td>\n",
       "      <td>0.722092</td>\n",
       "      <td>0.704059</td>\n",
       "      <td>0.738638</td>\n",
       "      <td>0.716791</td>\n",
       "      <td>0.714381</td>\n",
       "      <td>0.763414</td>\n",
       "      <td>0.760530</td>\n",
       "      <td>0.784516</td>\n",
       "      <td>0.853915</td>\n",
       "      <td>1.000000</td>\n",
       "      <td>0.849481</td>\n",
       "      <td>0.818952</td>\n",
       "      <td>0.783152</td>\n",
       "      <td>0.769966</td>\n",
       "      <td>0.751283</td>\n",
       "      <td>0.734658</td>\n",
       "      <td>0.727339</td>\n",
       "    </tr>\n",
       "    <tr>\n",
       "      <th>2006</th>\n",
       "      <td>0.737438</td>\n",
       "      <td>0.737438</td>\n",
       "      <td>0.740122</td>\n",
       "      <td>0.715173</td>\n",
       "      <td>0.721554</td>\n",
       "      <td>0.754417</td>\n",
       "      <td>0.716586</td>\n",
       "      <td>0.717463</td>\n",
       "      <td>0.723135</td>\n",
       "      <td>0.746352</td>\n",
       "      <td>0.734857</td>\n",
       "      <td>0.769741</td>\n",
       "      <td>0.849481</td>\n",
       "      <td>1.000000</td>\n",
       "      <td>0.870239</td>\n",
       "      <td>0.814248</td>\n",
       "      <td>0.788843</td>\n",
       "      <td>0.747221</td>\n",
       "      <td>0.738490</td>\n",
       "      <td>0.734646</td>\n",
       "    </tr>\n",
       "    <tr>\n",
       "      <th>2005</th>\n",
       "      <td>0.708929</td>\n",
       "      <td>0.708929</td>\n",
       "      <td>0.726953</td>\n",
       "      <td>0.705352</td>\n",
       "      <td>0.717427</td>\n",
       "      <td>0.742758</td>\n",
       "      <td>0.701213</td>\n",
       "      <td>0.696717</td>\n",
       "      <td>0.717803</td>\n",
       "      <td>0.748245</td>\n",
       "      <td>0.740135</td>\n",
       "      <td>0.759304</td>\n",
       "      <td>0.818952</td>\n",
       "      <td>0.870239</td>\n",
       "      <td>1.000000</td>\n",
       "      <td>0.870594</td>\n",
       "      <td>0.811164</td>\n",
       "      <td>0.781540</td>\n",
       "      <td>0.760231</td>\n",
       "      <td>0.743246</td>\n",
       "    </tr>\n",
       "    <tr>\n",
       "      <th>2004</th>\n",
       "      <td>0.712824</td>\n",
       "      <td>0.712824</td>\n",
       "      <td>0.726111</td>\n",
       "      <td>0.718662</td>\n",
       "      <td>0.701016</td>\n",
       "      <td>0.745581</td>\n",
       "      <td>0.688042</td>\n",
       "      <td>0.705452</td>\n",
       "      <td>0.741336</td>\n",
       "      <td>0.757496</td>\n",
       "      <td>0.750743</td>\n",
       "      <td>0.732870</td>\n",
       "      <td>0.783152</td>\n",
       "      <td>0.814248</td>\n",
       "      <td>0.870594</td>\n",
       "      <td>1.000000</td>\n",
       "      <td>0.871900</td>\n",
       "      <td>0.811632</td>\n",
       "      <td>0.780648</td>\n",
       "      <td>0.735623</td>\n",
       "    </tr>\n",
       "    <tr>\n",
       "      <th>2003</th>\n",
       "      <td>0.736065</td>\n",
       "      <td>0.736065</td>\n",
       "      <td>0.734160</td>\n",
       "      <td>0.739638</td>\n",
       "      <td>0.732806</td>\n",
       "      <td>0.769304</td>\n",
       "      <td>0.711870</td>\n",
       "      <td>0.720682</td>\n",
       "      <td>0.730977</td>\n",
       "      <td>0.758366</td>\n",
       "      <td>0.746506</td>\n",
       "      <td>0.744382</td>\n",
       "      <td>0.769966</td>\n",
       "      <td>0.788843</td>\n",
       "      <td>0.811164</td>\n",
       "      <td>0.871900</td>\n",
       "      <td>1.000000</td>\n",
       "      <td>0.877792</td>\n",
       "      <td>0.829259</td>\n",
       "      <td>0.799751</td>\n",
       "    </tr>\n",
       "    <tr>\n",
       "      <th>2002</th>\n",
       "      <td>0.695705</td>\n",
       "      <td>0.695705</td>\n",
       "      <td>0.688553</td>\n",
       "      <td>0.709275</td>\n",
       "      <td>0.691640</td>\n",
       "      <td>0.719981</td>\n",
       "      <td>0.654986</td>\n",
       "      <td>0.683238</td>\n",
       "      <td>0.696127</td>\n",
       "      <td>0.707418</td>\n",
       "      <td>0.716418</td>\n",
       "      <td>0.731063</td>\n",
       "      <td>0.751283</td>\n",
       "      <td>0.747221</td>\n",
       "      <td>0.781540</td>\n",
       "      <td>0.811632</td>\n",
       "      <td>0.877792</td>\n",
       "      <td>1.000000</td>\n",
       "      <td>0.871871</td>\n",
       "      <td>0.821081</td>\n",
       "    </tr>\n",
       "    <tr>\n",
       "      <th>2001</th>\n",
       "      <td>0.652188</td>\n",
       "      <td>0.652188</td>\n",
       "      <td>0.667658</td>\n",
       "      <td>0.677314</td>\n",
       "      <td>0.680328</td>\n",
       "      <td>0.719876</td>\n",
       "      <td>0.655685</td>\n",
       "      <td>0.654667</td>\n",
       "      <td>0.684109</td>\n",
       "      <td>0.702970</td>\n",
       "      <td>0.710437</td>\n",
       "      <td>0.705867</td>\n",
       "      <td>0.734658</td>\n",
       "      <td>0.738490</td>\n",
       "      <td>0.760231</td>\n",
       "      <td>0.780648</td>\n",
       "      <td>0.829259</td>\n",
       "      <td>0.871871</td>\n",
       "      <td>1.000000</td>\n",
       "      <td>0.880999</td>\n",
       "    </tr>\n",
       "    <tr>\n",
       "      <th>2000</th>\n",
       "      <td>0.671007</td>\n",
       "      <td>0.671007</td>\n",
       "      <td>0.649043</td>\n",
       "      <td>0.663409</td>\n",
       "      <td>0.678004</td>\n",
       "      <td>0.697143</td>\n",
       "      <td>0.643252</td>\n",
       "      <td>0.652019</td>\n",
       "      <td>0.666555</td>\n",
       "      <td>0.690038</td>\n",
       "      <td>0.679443</td>\n",
       "      <td>0.687184</td>\n",
       "      <td>0.727339</td>\n",
       "      <td>0.734646</td>\n",
       "      <td>0.743246</td>\n",
       "      <td>0.735623</td>\n",
       "      <td>0.799751</td>\n",
       "      <td>0.821081</td>\n",
       "      <td>0.880999</td>\n",
       "      <td>1.000000</td>\n",
       "    </tr>\n",
       "  </tbody>\n",
       "</table>\n",
       "</div>"
      ],
      "text/plain": [
       "          index      2018      2017      2016      2015      2014      2013  \\\n",
       "index  1.000000  1.000000  0.853775  0.800106  0.776116  0.765266  0.717467   \n",
       "2018   1.000000  1.000000  0.853775  0.800106  0.776116  0.765266  0.717467   \n",
       "2017   0.853775  0.853775  1.000000  0.863033  0.795524  0.772686  0.741753   \n",
       "2016   0.800106  0.800106  0.863033  1.000000  0.849893  0.812400  0.745885   \n",
       "2015   0.776116  0.776116  0.795524  0.849893  1.000000  0.859217  0.769311   \n",
       "2014   0.765266  0.765266  0.772686  0.812400  0.859217  1.000000  0.872070   \n",
       "2013   0.717467  0.717467  0.741753  0.745885  0.769311  0.872070  1.000000   \n",
       "2012   0.727487  0.727487  0.724426  0.732973  0.722072  0.797368  0.836685   \n",
       "2011   0.728042  0.728042  0.752835  0.749500  0.740969  0.780917  0.775221   \n",
       "2010   0.751906  0.751906  0.746708  0.749997  0.749037  0.779359  0.755315   \n",
       "2009   0.724500  0.724500  0.698141  0.702338  0.706894  0.756674  0.732308   \n",
       "2008   0.727779  0.727779  0.704452  0.695842  0.676928  0.710668  0.708333   \n",
       "2007   0.736601  0.736601  0.732693  0.722092  0.704059  0.738638  0.716791   \n",
       "2006   0.737438  0.737438  0.740122  0.715173  0.721554  0.754417  0.716586   \n",
       "2005   0.708929  0.708929  0.726953  0.705352  0.717427  0.742758  0.701213   \n",
       "2004   0.712824  0.712824  0.726111  0.718662  0.701016  0.745581  0.688042   \n",
       "2003   0.736065  0.736065  0.734160  0.739638  0.732806  0.769304  0.711870   \n",
       "2002   0.695705  0.695705  0.688553  0.709275  0.691640  0.719981  0.654986   \n",
       "2001   0.652188  0.652188  0.667658  0.677314  0.680328  0.719876  0.655685   \n",
       "2000   0.671007  0.671007  0.649043  0.663409  0.678004  0.697143  0.643252   \n",
       "\n",
       "           2012      2011      2010      2009      2008      2007      2006  \\\n",
       "index  0.727487  0.728042  0.751906  0.724500  0.727779  0.736601  0.737438   \n",
       "2018   0.727487  0.728042  0.751906  0.724500  0.727779  0.736601  0.737438   \n",
       "2017   0.724426  0.752835  0.746708  0.698141  0.704452  0.732693  0.740122   \n",
       "2016   0.732973  0.749500  0.749997  0.702338  0.695842  0.722092  0.715173   \n",
       "2015   0.722072  0.740969  0.749037  0.706894  0.676928  0.704059  0.721554   \n",
       "2014   0.797368  0.780917  0.779359  0.756674  0.710668  0.738638  0.754417   \n",
       "2013   0.836685  0.775221  0.755315  0.732308  0.708333  0.716791  0.716586   \n",
       "2012   1.000000  0.838347  0.774547  0.744379  0.711079  0.714381  0.717463   \n",
       "2011   0.838347  1.000000  0.866801  0.805962  0.746923  0.763414  0.723135   \n",
       "2010   0.774547  0.866801  1.000000  0.870194  0.785203  0.760530  0.746352   \n",
       "2009   0.744379  0.805962  0.870194  1.000000  0.845187  0.784516  0.734857   \n",
       "2008   0.711079  0.746923  0.785203  0.845187  1.000000  0.853915  0.769741   \n",
       "2007   0.714381  0.763414  0.760530  0.784516  0.853915  1.000000  0.849481   \n",
       "2006   0.717463  0.723135  0.746352  0.734857  0.769741  0.849481  1.000000   \n",
       "2005   0.696717  0.717803  0.748245  0.740135  0.759304  0.818952  0.870239   \n",
       "2004   0.705452  0.741336  0.757496  0.750743  0.732870  0.783152  0.814248   \n",
       "2003   0.720682  0.730977  0.758366  0.746506  0.744382  0.769966  0.788843   \n",
       "2002   0.683238  0.696127  0.707418  0.716418  0.731063  0.751283  0.747221   \n",
       "2001   0.654667  0.684109  0.702970  0.710437  0.705867  0.734658  0.738490   \n",
       "2000   0.652019  0.666555  0.690038  0.679443  0.687184  0.727339  0.734646   \n",
       "\n",
       "           2005      2004      2003      2002      2001      2000  \n",
       "index  0.708929  0.712824  0.736065  0.695705  0.652188  0.671007  \n",
       "2018   0.708929  0.712824  0.736065  0.695705  0.652188  0.671007  \n",
       "2017   0.726953  0.726111  0.734160  0.688553  0.667658  0.649043  \n",
       "2016   0.705352  0.718662  0.739638  0.709275  0.677314  0.663409  \n",
       "2015   0.717427  0.701016  0.732806  0.691640  0.680328  0.678004  \n",
       "2014   0.742758  0.745581  0.769304  0.719981  0.719876  0.697143  \n",
       "2013   0.701213  0.688042  0.711870  0.654986  0.655685  0.643252  \n",
       "2012   0.696717  0.705452  0.720682  0.683238  0.654667  0.652019  \n",
       "2011   0.717803  0.741336  0.730977  0.696127  0.684109  0.666555  \n",
       "2010   0.748245  0.757496  0.758366  0.707418  0.702970  0.690038  \n",
       "2009   0.740135  0.750743  0.746506  0.716418  0.710437  0.679443  \n",
       "2008   0.759304  0.732870  0.744382  0.731063  0.705867  0.687184  \n",
       "2007   0.818952  0.783152  0.769966  0.751283  0.734658  0.727339  \n",
       "2006   0.870239  0.814248  0.788843  0.747221  0.738490  0.734646  \n",
       "2005   1.000000  0.870594  0.811164  0.781540  0.760231  0.743246  \n",
       "2004   0.870594  1.000000  0.871900  0.811632  0.780648  0.735623  \n",
       "2003   0.811164  0.871900  1.000000  0.877792  0.829259  0.799751  \n",
       "2002   0.781540  0.811632  0.877792  1.000000  0.871871  0.821081  \n",
       "2001   0.760231  0.780648  0.829259  0.871871  1.000000  0.880999  \n",
       "2000   0.743246  0.735623  0.799751  0.821081  0.880999  1.000000  "
      ]
     },
     "execution_count": 6,
     "metadata": {},
     "output_type": "execute_result"
    }
   ],
   "source": [
    "# Look at the correlation between rankings for previous years\n",
    "team_ranks_df.corr()"
   ]
  },
  {
   "cell_type": "markdown",
   "metadata": {},
   "source": [
    "### We can see that the correlation with the 2018 rankings is slowly decreasing as we go back in time. For years prior to 2003, the correlation coefficient is less than 0.7."
   ]
  },
  {
   "cell_type": "code",
   "execution_count": 7,
   "metadata": {},
   "outputs": [],
   "source": [
    "team_ranks_df.to_csv('TeamRankings.csv')"
   ]
  },
  {
   "cell_type": "code",
   "execution_count": 8,
   "metadata": {},
   "outputs": [
    {
     "data": {
      "text/plain": [
       "array([144, 254, 313, 114, 162, 107])"
      ]
     },
     "execution_count": 8,
     "metadata": {},
     "output_type": "execute_result"
    }
   ],
   "source": [
    "rand_teams = np.random.randint(0, len(team_ranks_df.School), 6)\n",
    "rand_teams"
   ]
  },
  {
   "cell_type": "code",
   "execution_count": 9,
   "metadata": {},
   "outputs": [],
   "source": [
    "d1 = team_ranks_df.drop(['School'], axis=1).loc[132].values.astype(float)\n",
    "d2 = team_ranks_df.drop(['School'], axis=1).loc[82].values.astype(float)\n",
    "d3 = team_ranks_df.drop(['School'], axis=1).loc[175].values.astype(float)\n",
    "d4 = team_ranks_df.drop(['School'], axis=1).loc[96].values.astype(float)\n",
    "d5 = team_ranks_df.drop(['School'], axis=1).loc[295].values.astype(float)\n",
    "d6 = team_ranks_df.drop(['School'], axis=1).loc[75].values.astype(float)"
   ]
  },
  {
   "cell_type": "code",
   "execution_count": 10,
   "metadata": {},
   "outputs": [
    {
     "data": {
